1012.0 -999.0 29.2 22.2 140 2
1000.0 109.0 28.2 19.2 135 4
931.0 -999.0 21.8 18.6 -999 -999
925.0 795.0 21.6 18.6 130 7
891.0 -999.0 20.0 17.6 -999 -999
863.0 -999.0 17.2 10.2 -999 -999
850.0 1525.0 17.2 11.2 110 8
782.0 -999.0 14.8 0.8 -999 -999
759.0 -999.0 -999.0 -999.0 80 11
726.0 -999.0 10.8 3.8 -999 -999
700.0 3161.0 10.0 -1.0 55 6
650.0 -999.0 7.8 -16.2 -999 -999
641.0 -999.0 -999.0 -999.0 35 3
618.0 -999.0 4.0 -17.0 -999 -999
608.0 -999.0 -999.0 -999.0 15 3
581.0 -999.0 2.4 -46.6 -999 -999
543.0 -999.0 -0.3 -38.3 -999 -999
530.0 -999.0 -999.0 -999.0 70 4
525.0 -999.0 -2.1 -18.1 -999 -999
500.0 5890.0 -3.9 -33.9 100 4
497.0 -999.0 -3.9 -42.9 -999 -999
486.0 -999.0 -999.0 -999.0 130 6
454.0 -999.0 -999.0 -999.0 195 6
450.0 -999.0 -6.3 -34.3 -999 -999
400.0 7620.0 -13.3 -27.3 225 11
394.0 -999.0 -999.0 -999.0 225 10
370.0 -999.0 -18.7 -29.7 -999 -999
364.0 -999.0 -999.0 -999.0 260 9
335.0 -999.0 -22.9 -36.9 -999 -999
318.0 -999.0 -999.0 -999.0 255 11
300.0 9740.0 -29.9 -44.9 260 11
276.0 -999.0 -35.1 -51.1 -999 -999
252.0 -999.0 -39.7 -59.7 -999 -999
250.0 11010.0 -40.1 -60.1 270 15
239.0 -999.0 -999.0 -999.0 270 14
220.0 -999.0 -46.9 -999.0 -999 -999
209.0 -999.0 -999.0 -999.0 275 24
200.0 12490.0 -52.3 -999.0 280 22
163.0 -999.0 -63.7 -999.0 -999 -999
157.0 -999.0 -999.0 -999.0 265 21
150.0 14290.0 -67.3 -999.0 270 21
139.0 -999.0 -70.7 -999.0 -999 -999
135.0 -999.0 -999.0 -999.0 280 21
116.0 -999.0 -999.0 -999.0 245 23
104.0 -999.0 -81.5 -999.0 180 14
100.0 16630.0 -81.1 -999.0 160 12
88.4 -999.0 -999.0 -999.0 100 11
82.9 -999.0 -82.9 -999.0 90 10
75.1 -999.0 -999.0 -999.0 130 5
73.6 -999.0 -75.7 -999.0 115 6
70.6 -999.0 -999.0 -999.0 35 9
70.0 18640.0 -74.3 -999.0 25 10
67.7 -999.0 -999.0 -999.0 355 9
67.0 -999.0 -73.9 -999.0 -999 -999
59.5 -999.0 -999.0 -999.0 325 3
52.8 -999.0 -999.0 -999.0 35 4
50.6 -999.0 -999.0 -999.0 310 5
50.0 20620.0 -70.5 -999.0 300 5
49.0 -999.0 -70.5 -999.0 -999 -999
45.9 -999.0 -64.9 -999.0 -999 -999
44.0 -999.0 -999.0 -999.0 190 7
43.1 -999.0 -64.3 -999.0 -999 -999
42.2 -999.0 -999.0 -999.0 170 8
36.8 -999.0 -999.0 -999.0 55 13
34.6 -999.0 -999.0 -999.0 50 13
33.9 -999.0 -57.1 -999.0 -999 -999
32.1 -999.0 -999.0 -999.0 75 12
30.7 -999.0 -999.0 -999.0 90 14
30.0 23780.0 -58.3 -999.0 90 16
26.4 -999.0 -999.0 -999.0 75 23
22.1 -999.0 -55.9 -999.0 105 27
20.0 26350.0 -999.0 -999.0 -999 -999 
