1000.0 160.0 -999.0 -999.0 -999 -999
937.0 -999.0 17.4 14.9 150 4
925.0 829.0 15.8 11.8 105 3
864.0 -999.0 12.0 9.4 -999 -999
850.0 1542.0 12.8 8.9 350 4
843.0 -999.0 12.8 7.9 -999 -999
819.0 -999.0 -999.0 -999.0 310 2
790.0 -999.0 -999.0 -999.0 290 3
785.0 -999.0 11.2 2.2 -999 -999
763.0 -999.0 -999.0 -999.0 250 5
754.0 -999.0 9.2 -1.8 -999 -999
700.0 2155.0 4.0 -2.0 275 14
693.0 -999.0 -999.0 -999.0 285 15
677.0 -999.0 2.4 -1.8 -999 -999
651.0 -999.0 3.2 -26.8 -999 -999
643.0 -999.0 3.8 -24.2 -999 -999
631.0 -999.0 -999.0 -999.0 255 17
604.0 -999.0 1.2 -14.8 -999 -999
503.0 -999.0 -999.0 -999.0 275 21
500.0 5830.0 -11.1 -23.1 275 21
458.0 -999.0 -17.3 -26.3 -999 -999
436.0 -999.0 -20.5 -30.5 265 19
422.0 -999.0 -21.3 -36.3 -999 -999
415.0 -999.0 -20.3 -44.3 -999 -999
410.0 -999.0 -999.0 -999.0 290 26
400.0 7500.0 -21.3 -47.3 295 27
384.0 -999.0 -22.1 -52.1 -999 -999
382.0 -999.0 -999.0 -999.0 290 32
300.0 9570.0 -35.9 -60.9 280 36
299.0 -999.0 -999.0 -999.0 280 36
290.0 -999.0 -37.7 -62.7 -999 -999
279.0 -999.0 -37.1 -70.1 -999 -999
268.0 -999.0 -999.0 -999.0 285 53
250.0 10820.0 -41.9 -999.0 285 53
200.0 12290.0 -54.5 -999.0 285 58
199.0 -999.0 -999.0 -999.0 285 58
196.0 -999.0 -55.5 -999.0 -999 -999
173.0 -999.0 -62.1 -999.0 -999 -999
150.0 14080.0 -66.1 -999.0 280 44
120.0 -999.0 -72.1 -999.0 -999 -999
109.0 -999.0 -999.0 -999.0 290 28
100.0 16480.0 -74.7 -999.0 275 24
95.5 -999.0 -999.0 -999.0 280 20
93.7 -999.0 -76.5 -999.0 -999 -999
85.6 -999.0 -999.0 -999.0 345 9
84.8 -999.0 -70.1 -999.0 -999 -999
79.4 -999.0 -70.5 -999.0 -999 -999
78.7 -999.0 -999.0 -999.0 330 7
76.4 -999.0 -66.5 -999.0 -999 -999
74.2 -999.0 -999.0 -999.0 350 10
72.9 -999.0 -999.0 -999.0 340 11
70.8 -999.0 -65.5 -999.0 -999 -999
70.0 18590.0 -65.5 -999.0 330 9
64.2 -999.0 -999.0 -999.0 335 7
61.7 -999.0 -68.1 -999.0 -999 -999
58.3 -999.0 -999.0 -999.0 295 5
54.5 -999.0 -999.0 -999.0 135 3
51.9 -999.0 -999.0 -999.0 60 4
50.0 20640.0 -62.9 -999.0 50 5
48.0 -999.0 -999.0 -999.0 25 5
44.9 -999.0 -999.0 -999.0 60 6
42.9 -999.0 -999.0 -999.0 30 6
42.4 -999.0 -58.5 -999.0 -999 -999
39.2 -999.0 -999.0 -999.0 15 4
38.4 -999.0 -60.3 -999.0 -999 -999
35.1 -999.0 -999.0 -999.0 115 6
34.0 -999.0 -999.0 -999.0 115 6
32.1 -999.0 -999.0 -999.0 80 8
30.0 23850.0 -54.7 -999.0 95 7
28.7 -999.0 -999.0 -999.0 110 9
27.1 -999.0 -999.0 -999.0 80 11
25.3 -999.0 -49.9 -999.0 70 12 
