3848428 CAMPINA GRANDE           LAT.  7 13  LONG. 35 52  ALT.  508
1911  45.6  43.1 155.4  13.3  51.9  51.1  51.2  87.6   1.2  16.7   3.2  62.5    582.8
1912 108.3 237.9 130.2 106.4 138.1 142.0  76.0  53.4  20.2  24.3  29.9   2.3   1069.0
1913   7.9 116.5  20.9 211.3 181.6 109.7 155.5  52.3   4.7   8.0    .8  21.7    890.9
1914 193.9  83.7  73.6  83.0 215.7 201.8 261.7 173.2  41.1   4.7   3.6   1.3   1337.3
1915   1.6   1.1   1.0 125.8  48.0 133.7 116.1  70.1   8.9   4.7   5.4  33.9    550.3
1916   2.2   1.1 126.0  40.4 163.4 123.9  31.3  23.2   1.0    .0  30.2   2.4    545.1
1917  57.8 186.1 195.3  39.0  98.1  63.4  39.9  35.3  82.2   3.7   4.3  30.3    835.4
1918  73.9  62.2  42.5  48.8 121.5 144.2  54.6 104.9  52.1    .8    .0  15.8    721.3
1919  14.8  48.7    .2  25.8   1.0 188.2 185.7 143.9  89.5  11.4  11.7   2.3    723.2
1920  38.4  29.0 154.2 137.5 137.3 100.7 129.8   6.5  11.1  24.7   8.9  96.7    874.8
1921 102.9  34.1 155.7  56.6 112.3  69.1 128.3  36.2  37.1    .3  12.8  31.1    776.5
1922  17.6    .0  15.3 308.2 126.7 215.5 171.6 188.3  11.3   1.5  28.3   3.6   1087.9
1923  26.8  66.1   7.8 147.6  23.5 114.2 152.8  51.9   9.7  10.1  20.9    .2    631.6
1924  72.9 176.6 134.3 381.7 212.3  96.5  92.8  92.1  13.4  14.2   4.0   1.1   1291.9
1925  36.8  30.5  71.6  67.8  64.1  67.6  83.8  39.5  35.5    .7    .0  25.4    523.3
1926   3.3 123.6 290.6 136.7 107.7  94.5  47.0  31.2   2.7   2.0  18.3  17.8    875.4
1927   9.4  70.7  88.8 111.3  78.5  39.6 192.9  18.9   2.4   1.9   3.8   3.5    621.7
1928  60.4  17.7  49.3  42.5 154.3 106.6 103.1  38.0  44.8  15.2   1.0  12.8    645.7
1929   6.7 111.2 213.2  34.5  68.6  81.2 123.9  57.8  25.7  10.5  22.8  45.6    801.7
1930  29.4  19.3 113.3  29.6  33.1 108.9  84.8  12.0   3.4  18.9    .0    .0    452.7
1932 120.4  17.7  37.6  24.9  77.8 148.4  90.0  19.5  98.2  12.3   1.4   3.1    651.3
1933  53.2  55.6   9.3 179.8  40.9  42.9  65.2   8.0  10.6    .2   2.8   3.1    471.6
1934   3.9  76.3 293.7  45.7 155.8  63.7  13.0  18.1  23.5   6.2  16.1  12.6    728.6
1935  21.9  56.7 151.6 178.4  27.1  77.8 175.2  68.1  33.7  13.8  15.9  11.9    832.1
1936  35.3 470.1  41.4  14.8 127.9 397.8 111.7  26.7  12.6   5.3   3.7   8.3   1255.6
1937  14.0  28.1  45.7 167.9 160.4 265.8  98.5  82.8  10.7   8.6    .0  14.2    896.7
1938  53.7  20.8 141.9  77.9 101.3  34.2  33.8  92.0  23.0  11.4  20.0   5.9    615.9
1939  13.1  16.4  72.1   8.3 108.3  16.5 115.8 112.7  15.0  97.6  52.9  25.2    653.9
1940  74.2  94.8  63.7 133.7 240.9 165.2  85.0  66.2  46.4   6.2    .9  25.8   1003.0
1941  19.9  20.9 221.4 171.8  49.8  69.4 130.5  74.9  33.9  13.7  20.4  27.8    854.4
1942    .0  92.3  32.9  49.8 181.8  68.4  59.1  97.5  11.9   6.5   2.4  29.1    631.7
1943  35.5  69.6  30.3  19.0  67.9  53.0 135.8  60.0  43.2   8.2  14.1  10.7    547.3
1944  14.3  32.0  17.0 106.2  78.7  75.7  96.4  71.1  39.2  20.9  11.0   6.2    568.7
1945    .6  56.8  44.1  22.0 252.4 163.6 125.4  76.0  27.0  17.3  11.5   3.3    800.0
1946  92.6   9.3  43.4  39.7  85.2  75.2  42.2  43.0  23.1   3.2   8.5  68.3    533.7
1947  27.2  31.8 102.8 136.7 175.0  98.0  82.6  23.8  23.7   7.7  23.2  36.8    769.3
1948  10.9  19.7 122.7  36.2 127.1 155.2 183.5  70.4  50.3  15.2  23.6   2.8    817.6
1949  47.2  30.3  16.9  98.8 183.5  91.3  36.0  64.3  16.8  13.3  50.1  12.2    660.7
1950   9.7  33.2 154.9 173.2 113.6  37.6  50.9  42.2  26.4   9.7    .0  14.2    665.6
1951   7.7  10.8    .0  54.4  89.5 240.2  81.7  43.5   1.8  12.3  14.6  17.1    573.6
1952  11.6   5.6  60.5  37.3  52.8  70.8  30.9  36.2   7.1   6.6    .3  11.6    331.3
1953  11.3   2.0  58.8 128.5  47.5 185.9  64.7  51.6   1.5   4.4  36.2   8.0    600.4
1954   9.5   8.0   3.9 106.5 171.3 108.5  51.7  23.5  13.5    .5   3.1   4.2    504.2
1955   4.3  15.2 159.8  80.6  48.5  43.3  59.5  60.4   6.7  29.5   1.4  13.6    522.8
1956   8.5  65.1  77.1  80.1  84.1 141.2 141.6 102.8   8.9   2.8    .0   2.5    714.7
1957  90.0    .9 108.6 213.5  24.1  62.2  72.8  35.9    .0    .0  10.0  14.7    632.7
1958    .0   5.1  41.7  57.1 144.2  90.5 216.0  75.1  12.6    .0   1.4   5.1    648.8
1959  13.8  50.4  28.2 101.7 121.9 137.3  90.6  80.2  36.4   3.5  21.2   3.5    688.7
1960  23.0   9.9 213.9 217.1  71.4  67.4  65.9 147.5  17.6   1.9   2.8  32.6    871.0
1961 248.5  64.2 130.9 126.4 122.1  95.5 150.2  38.7  38.4  41.4  13.2  10.7   1080.2
1962  20.4  23.4  53.1  56.6 166.8 134.6 126.7  82.1  70.8  15.3   4.4  79.2    833.4
1963  23.5  33.0 143.0  77.7  92.6  85.1  93.5  39.5  17.3   3.5  35.2 108.1    752.0
1964 107.3 123.4 179.0 193.7  97.4 164.8 159.0  78.1  50.0  11.3   4.7   3.5   1172.2
1965  54.8   7.5  20.0 168.2 136.2 124.3  52.4  37.3  39.3   3.2  26.2  46.3    715.7
1966  46.9 110.2  46.7 150.1  99.5 140.7 231.6  25.8  76.5    .0  51.5  25.9   1005.4
1967   4.4  24.6 129.6 174.9 106.6 123.2 113.4  39.3   5.2  40.9    .0   6.7    768.8
1968  76.4  42.3 155.5 104.4 179.7  47.0  70.4  16.4   2.8    .0    .0    .0    694.9
1969  22.0    .0  50.8  86.8 126.5 217.8 222.6  48.4  22.8  28.0   4.4   2.6    832.7
1970    .0    .0 137.4 175.4  26.2  73.4 140.2  84.8  11.6    .0    .0    .0    649.0
1971    .0    .0  50.0 179.6 119.6  80.0  75.8  79.2  61.6    .0  50.2   9.0    705.0
1972   3.2  64.6 285.6 139.2 110.8 115.4  60.2 149.6  17.8   9.8    .0  23.6    979.8
1973  65.0  36.0  54.0 153.0  96.0 104.0 146.0  25.6  45.7    .0   8.0  47.0    780.3
1974 111.0  46.0 122.0 170.0  96.0  60.0 206.0  20.0  52.0   2.0   7.0  53.0    945.0
1975  53.7    .2 157.5  49.1 122.0 116.0 284.0  48.0  38.0   4.0   8.0  52.0    932.5
1976   1.0  72.0 102.0  45.0 100.0  80.0  23.0   6.5   2.1  60.9 -99.9  35.0   -999.9
1977  65.9  17.2  35.0 242.5  77.0 120.5 185.1  51.8  93.2  27.5   4.6   8.9    929.2
1978   1.5  55.9  94.3 178.7 145.9 113.6 108.8  55.2  78.9   5.1  13.6  17.9    869.4
1979  28.6   9.9  33.2  76.8 147.3 108.4  90.1  17.5 100.2   4.1  49.3   1.9    667.3
1980  50.1  71.7 101.1 105.7  73.0  96.2  32.8  30.5   7.0  37.6  13.9  16.6    636.2
1981  43.3  39.5 281.3  33.7  43.3  66.0  44.3  14.1  22.0   5.2  49.1  59.1    700.9
1982   9.6 113.8  58.5  74.3 114.7 134.6  53.8  66.6    .0    .8  10.9  20.3    657.9
1983   7.9  34.5  87.6  71.3  97.0  64.6  45.9  56.5   8.9 -99.9 -99.9   1.9   -999.9
1984  31.8  16.5  73.9 161.2 139.1  76.4 124.2  84.8  28.4  18.8   7.3   1.0    763.4
1985  21.5 216.3 164.2 305.4  66.3 114.5 167.8  41.5  24.0    .4  12.9  23.1   1157.9
