  0  0112 65  0  0112 65  0  0 80 65  0  0 80 65  0  0 80 65  0  0 80 65  0  0112 65  0  0 80 65  0  0 80 65  0  0 80 65  0  0 80 65  0  0 80 65  0  0 80 65  0  0 80 65  0  0 80 65  0  0 80 65  0  0 80 65  0  0 80 65  0  0 80 65  0  0 80 65  0  0 80 65  0  0 80 65  0  0 80 65  0  0 80 65  0  0 80 65  0  0 80 65  0
  0*** 65  0  0*** 65  0  0*** 65  0  0*** 65  0  0*** 65  0  0*** 65  0  0112 65  0  0 80 65  0  0112 65  0  0112 65  0  0*** 65  0  0*** 65  0  0112 65  0  0*** 65  0  0112 65  0  0*** 65  0  0*** 65  0  0112 65  0  0*** 65  0  0*** 65  0  0*** 65  0  0*** 65  0  0112 65  0  0112 65  0  0112 65  0  0112 65  0  0
112 65  0  0112 65  0  0*** 65  0  0*** 65  0  0*** 65  0  0*** 65  0  0*** 65  0  0*** 65  0  0112 65  0  0*** 65  0  0*** 65  0  0*** 65  0  0*** 65  0  0*** 65  0  0112 65  0  0112 65  0  0112 65  0  0*** 65  0  0112 65  0  0112 65  0  0112 65  0  0 80 65  0  0112 65  0  0112 65  0  0*** 65  0  0 80 65  0  0112
 65  0  0112 65  0  0112 65  0  0112 65  0  0112 65  0  0112 65  0  0112 65  0  0112 65  0  0112 65  0  0112 65  0  0112 65  0  0 80 65  0  0 80 65  0  0 80 65  0  0 80 65  0  0 80 65  0  0 80 65  0  0 80 65  0  0 80 65  0  0 80 65  0  0 80 65  0  0 80 65  0  0 80 65  0  0 80 65  0  0 80 65  0  0 80 65  0  0 80 65
  0  0112 65  0  0112 65  0  0112 65  0  0112 65  0  0112 65  0  0 80 65  0  0112 65  0  0112 65  0  0112 65  0  0112 65  0  0112 65  0  0 80 65  0  0 80 65  0  0 80 65  0  0 80 65  0  0 80 65  0  0 80 65  0  0 80 65  0  0 80 65  0  0 80 65  0  0 80 65  0  0 80 65  0  0 80 65  0  0 80 65  0  0 80 65  0  0 80 65  0
  0*** 65  0  0*** 65  0  0*** 65  0  0*** 65  0  0*** 65  0  0*** 65  0  0*** 65  0  0112 65  0  0112 65  0  0 80 65  0  0112 65  0  0112 65  0  0112 65  0  0*** 65  0  0*** 65  0  0*** 65  0  0112 65  0  0112 65  0  0112 65  0  0*** 65  0  0*** 65  0  0*** 65  0  0112 65  0  0112 65  0  0112 65  0  0*** 65  0  0
*** 65  0  0*** 65  0  0*** 65  0  0*** 65  0  0*** 65  0  0*** 65  0  0*** 65  0  0*** 65  0  0*** 65  0  0*** 65  0  0*** 65  0  0*** 65  0  0*** 65  0  0112 65  0  0112 65  0  0112 65  0  0112 65  0  0112 65  0  0112 65  0  0112 65  0  0*** 65  0  0*** 65  0  0112 65  0  0112 65  0  0*** 65  0  0112 65  0  0112
 65  0  0112 65  0  0112 65  0  0112 65  0  0112 65  0  0112 65  0  0 80 65  0  0 80 65  0  0 80 65  0  0 80 65  0  0112 65  0  0112 65  0  0 80 65  0  0 80 65  0  0 80 65  0  0 80 65  0  0 80 65  0  0 80 65  0  0 80 65  0  0 80 65  0  0 80 65  0  0 80 65  0  0 80 65  0  0 80 65  0  0 80 65  0  0 80 65  0  0 80 65
  0  0*** 65  0  0*** 65  0  0112 65  0  0112 65  0  0112 65  0  0112 65  0  0112 65  0  0112 65  0  0112 65  0  0112 65  0  0112 65  0  0 80 65  0  0 80 65  0  0 80 65  0  0 80 65  0  0 80 65  0  0 80 65  0  0 80 65  0  0 80 65  0  0 80 65  0  0 80 65  0  0 80 65  0  0 80 65  0  0 80 65  0  0 80 65  0  0 80 65  0
  0*** 65  0  0*** 65  0  0*** 65  0  0*** 65  0  0*** 65  0  0*** 65  0  0*** 65  0  0*** 65  0  0112 65  0  0112 65  0  0 80 65  0  0112 65  0  0112 65  0  0112 65  0  0112 65  0  0112 65  0  0*** 65  0  0112 65  0  0112 65  0  0*** 65  0  0112 65  0  0*** 65  0  0*** 65  0  0112 65  0  0112 65  0  0*** 65  0  0
112 65  0  0112 65  0  0112 65  0  0*** 65  0  0*** 65  0  0*** 65  0  0*** 65  0  0*** 65  0  0*** 65  0  0112 65  0  0*** 65  0  0*** 65  0  0*** 65  0  0*** 65  0  0112 65  0  0112 65  0  0112 65  0  0112 65  0  0112 65  0  0112 65  0  0112 65  0  0112 65  0  0112 65  0  0112 65  0  0*** 65  0  0112 65  0  0***
 65  0  0112 65  0  0112 65  0  0112 65  0  0112 65  0  0112 65  0  0112 65  0  0 80 65  0  0112 65  0  0 80 65  0  0 80 65  0  0 80 65  0  0 80 65  0  0 80 65  0  0 80 65  0  0 80 65  0  0 80 65  0  0 80 65  0  0 80 65  0  0 80 65  0  0 80 65  0  0 80 65  0  0 80 65  0  0 80 65  0  0 80 65  0  0 80 65  0  0 80 65
  0  0112 65  0  0*** 65  0  0*** 65  0  0*** 65  0  0*** 65  0  0112 65  0  0112 65  0  0112 65  0  0112 65  0  0112 65  0  0112 65  0  0112 65  0  0 80 65  0  0 80 65  0  0 80 65  0  0 80 65  0  0 80 65  0  0 80 65  0  0 80 65  0  0 80 65  0  0 80 65  0  0 80 65  0  0 80 65  0  0 80 65  0  0 80 65  0  0 80 65  0
  0*** 65  0  0*** 65  0  0112 65  0  0*** 65  0  0*** 65  0  0*** 65  0  0112 65  0  0*** 65  0  0112 65  0  0112 65  0  0112 65  0  0112 65  0  0112 65  0  0112 65  0  0112 65  0  0112 65  0  0*** 65  0  0*** 65  0  0*** 65  0  0*** 65  0  0*** 65  0  0*** 65  0  0*** 65  0  0*** 65  0  0*** 65  0  0112 65  0  0
112 65  0  0112 65  0  0*** 65  0  0*** 65  0  0*** 65  0  0*** 65  0  0*** 65  0  0*** 65  0  0*** 65  0  0*** 65  0  0*** 65  0  0112 65  0  0*** 65  0  0*** 65  0  0112 65  0  0112 65  0  0112 65  0  0112 65  0  0112 65  0  0112 65  0  0112 65  0  0112 65  0  0*** 65  0  0*** 65  0  0112 65  0  0112 65  0  0112
 65  0  0112 65  0  0112 65  0  0112 65  0  0112 65  0  0112 65  0  0112 65  0  0 80 65  0  0 80 65  0  0112 65  0  0 80 65  0  0 80 65  0  0 80 65  0  0 80 65  0  0 80 65  0  0 80 65  0  0 80 65  0  0 80 65  0  0 80 65  0  0 80 65  0  0 80 65  0  0 80 65  0  0 80 65  0  0 80 65  0  0 80 65  0  0 80 65  0  0 80 65
  0  0*** 65  0  0112 65  0  0112 65  0  0112 65  0  0112 65  0  0112 65  0  0112 65  0  0112 65  0  0112 65  0  0112 65  0  0112 65  0  0112 65  0  0112 65  0  0112 65  0  0 80 65  0  0 80 65  0  0 80 65  0  0 80 65  0  0 80 65  0  0 80 65  0  0 80 65  0  0 80 65  0  0 80 65  0  0 80 65  0  0 80 65  0  0 80 65  0
  0112 65  0  0*** 65  0  0112 65  0  0112 65  0  0112 65  0  0112 65  0  0112 65  0  0112 65  0  0112 65  0  0112 65  0  0112 65  0  0112 65  0  0112 65  0  0112 65  0  0*** 65  0  0112 65  0  0112 65  0  0*** 65  0  0*** 65  0  0*** 65  0  0*** 65  0  0112 65  0  0*** 65  0  0*** 65  0  0*** 65  0  0112 65  0  0
112 65  0  0*** 65  0  0*** 65  0  0*** 65  0  0*** 65  0  0*** 65  0  0*** 65  0  0*** 65  0  0*** 65  0  0*** 65  0  0112 65  0  0*** 65  0  0*** 65  0  0*** 65  0  0112 65  0  0 80 65  0  0112 65  0  0 80 65  0  0112 65  0  0 80 65  0  0112 65  0  0112 65  0  0112 65  0  0112 65  0  0112 65  0  0112 65  0  0112
 65  0  0 80 65  0  0 80 65  0  0 80 65  0  0 80 65  0  0 80 65  0  0 80 65  0  0112 65  0  0 80 65  0  0 80 65  0  0 80 65  0  0 80 65  0  0 80 65  0  0 80 65  0  0 80 65  0  0 80 65  0  0 80 65  0  0 80 65  0  0 80 65  0  0 80 65  0  0 80 65  0  0 80 65  0  0 80 65  0  0 80 65  0  0 80 65  0  0 80 65  0  0 80 65
  0  0112 65  0  0112 65  0  0112 65  0  0112 65  0  0112 65  0  0112 65  0  0112 65  0  0112 65  0  0 80 65  0  0 80 65  0  0112 65  0  0112 65  0  0112 65  0  0112 65  0  0 80 65  0  0 80 65  0  0 80 65  0  0 80 65  0  0 80 65  0  0 80 65  0  0 80 65  0  0 80 65  0  0 80 65  0  0 80 65  0  0 80 65  0  0 80 65  0
  0112 65  0  0112 65  0  0112 65  0  0112 65  0  0112 65  0  0112 65  0  0112 65  0  0112 65  0  0112 65  0  0112 65  0  0112 65  0  0112 65  0  0112 65  0  0112 65  0  0112 65  0  0112 65  0  0112 65  0  0*** 65  0  0*** 65  0  0*** 65  0  0*** 65  0  0112 65  0  0112 65  0  0*** 65  0  0*** 65  0  0112 65  0  0
*** 65  0  0*** 65  0  0112 65  0  0*** 65  0  0*** 65  0  0*** 65  0  0*** 65  0  0*** 65  0  0*** 65  0  0*** 65  0  0*** 65  0  0*** 65  0  0*** 65  0  0*** 65  0  0112 65  0  0 80 65  0  0 80 65  0  0 80 65  0  0 80 65  0  0 80 65  0  0 80 65  0  0 80 65  0  0112 65  0  0112 65  0  0112 65  0  0112 65  0  0112
 65  0  0112 65  0  0 80 65  0  0 80 65  0  0 80 65  0  0 80 65  0  0112 65  0  0112 65  0  0112 65  0  0112 65  0  0112 65  0  0112 65  0  0112 65  0  0 80 65  0  0 80 65  0  0112 65  0  0 80 65  0  0112 65  0  0112 65  0  0 80 65  0  0 80 65  0  0 80 65  0  0 80 65  0  0 80 65  0  0 80 65  0  0 80 65  0  0 80 65
  0  0*** 65  0  0*** 65  0  0112 65  0  0112 65  0  0112 65  0  0112 65  0  0112 65  0  0112 65  0  0112 65  0  0 80 65  0  0112 65  0  0*** 65  0  0*** 65  0  0*** 65  0  0112 65  0  0 80 65  0  0 80 65  0  0112 65  0  0 80 65  0  0 80 65  0  0 80 65  0  0 80 65  0  0 80 65  0  0 80 65  0  0 80 65  0  0 80 65  0
  0112 65  0  0112 65  0  0112 65  0  0 80 65  0  0 80 65  0  0112 65  0  0112 65  0  0112 65  0  0112 65  0  0112 65  0  0 80 65  0  0 80 65  0  0 80 65  0  0 80 65  0  0112 65  0  0112 65  0  0112 65  0  0*** 65  0  0*** 65  0  0*** 65  0  0*** 65  0  0112 65  0  0112 65  0  0112 65  0  0*** 65  0  0*** 65  0  0
112 65  0  0*** 65  0  0112 65  0  0*** 65  0  0112 65  0  0112 65  0  0*** 65  0  0*** 65  0  0*** 65  0  0*** 65  0  0*** 65  0  0*** 65  0  0*** 65  0  0*** 65  0  0112 65  0  0112 65  0  0112 65  0  0112 65  0  0 80 65  0  0 80 65  0  0112 65  0  0112 65  0  0 80 65  0  0 80 65  0  0112 65  0  0112 65  0  0112
 65  0  0112 65  0  0112 65  0  0 80 65  0  0 80 65  0  0112 65  0  0 80 65  0  0112 65  0  0112 65  0  0 80 65  0  0 80 65  0  0112 65  0  0112 65  0  0112 65  0  0 80 65  0  0 80 65  0  0 80 65  0  0112 65  0  0112 65  0  0 80 65  0  0 80 65  0  0 80 65  0  0 80 65  0  0 80 65  0  0 80 65  0  0 80 65  0  0 80 65
  0  0*** 65  0  0112 65  0  0112 65  0  0112 65  0  0112 65  0  0112 65  0  0112 65  0  0112 65  0  0112 65  0  0112 65  0  0112 65  0  0112 65  0  0*** 65  0  0*** 65  0  0112 65  0  0112 65  0  0112 65  0  0112 65  0  0112 65  0  0112 65  0  0 80 65  0  0 80 65  0  0 80 65  0  0 80 65  0  0 80 65  0  0 80 65  0
  0112 65  0  0112 65  0  0112 65  0  0112 65  0  0 80 65  0  0 80 65  0  0112 65  0  0112 65  0  0112 65  0  0112 65  0  0112 65  0  0 80 65  0  0 80 65  0  0 80 65  0  0112 65  0  0112 65  0  0112 65  0  0112 65  0  0112 65  0  0*** 65  0  0*** 65  0  0112 65  0  0112 65  0  0112 65  0  0112 65  0  0112 65  0  0
 80 65  0  0112 65  0  0*** 65  0  0*** 65  0  0*** 65  0  0*** 65  0  0*** 65  0  0*** 65  0  0*** 65  0  0*** 65  0  0*** 65  0  0*** 65  0  0*** 65  0  0*** 65  0  0112 65  0  0112 65  0  0112 65  0  0112 65  0  0112 65  0  0112 65  0  0112 65  0  0 80 65  0  0 80 65  0  0 80 65  0  0 80 65  0  0 80 65  0  0112
 65  0  0112 65  0  0112 65  0  0112 65  0  0112 65  0  0112 65  0  0 80 65  0  0 80 65  0  0 80 65  0  0 80 65  0  0 80 65  0  0 80 65  0  0 80 65  0  0112 65  0  0 80 65  0  0 80 65  0  0 80 65  0  0 80 65  0  0112 65  0  0 80 65  0  0 80 65  0  0 80 65  0  0 80 65  0  0 80 65  0  0 80 65  0  0 80 65  0  0 80 65
  0  0112 65  0  0112 65  0  0112 65  0  0112 65  0  0112 65  0  0112 65  0  0112 65  0  0112 65  0  0112 65  0  0112 65  0  0*** 65  0  0*** 65  0  0*** 65  0  0*** 65  0  0*** 65  0  0112 65  0  0112 65  0  0112 65  0  0112 65  0  0112 65  0  0 80 65  0  0 80 65  0  0 80 65  0  0 80 65  0  0 80 65  0  0 80 65  0
  0112 65  0  0112 65  0  0112 65  0  0112 65  0  0112 65  0  0112 65  0  0112 65  0  0112 65  0  0112 65  0  0112 65  0  0 80 65  0  0 80 65  0  0 80 65  0  0 80 65  0  0112 65  0  0112 65  0  0112 65  0  0*** 65  0  0112 65  0  0112 65  0  0112 65  0  0112 65  0  0112 65  0  0112 65  0  0112 65  0  0112 65  0  0
*** 65  0  0 80 65  0  0112 65  0  0*** 65  0  0*** 65  0  0*** 65  0  0*** 65  0  0*** 65  0  0*** 65  0  0*** 65  0  0*** 65  0  0*** 65  0  0*** 65  0  0112 65  0  0112 65  0  0112 65  0  0 80 65  0  0112 65  0  0112 65  0  0*** 65  0  0*** 65  0  0 80 65  0  0 80 65  0  0 80 65  0  0 80 65  0  0 80 65  0  0 80
 65  0  0112 65  0  0112 65  0  0 80 65  0  0112 65  0  0112 65  0  0 80 65  0  0 80 65  0  0 80 65  0  0 80 65  0  0 80 65  0  0 80 65  0  0 80 65  0  0112 65  0  0 80 65  0  0112 65  0  0 80 65  0  0112 65  0  0112 65  0  0 80 65  0  0 80 65  0  0 80 65  0  0 80 65  0  0 80 65  0  0 80 65  0  0 80 65  0  0 80 65
  0  0 80 65  0  0 80 65  0  0112 65  0  0112 65  0  0112 65  0  0112 65  0  0112 65  0  0112 65  0  0112 65  0  0112 65  0  0*** 65  0  0*** 65  0  0*** 65  0  0*** 65  0  0*** 65  0  0112 65  0  0112 65  0  0112 65  0  0112 65  0  0112 65  0  0112 65  0  0112 65  0  0 80 65  0  0 80 65  0  0 80 65  0  0 80 65  0
  0 80 65  0  0 80 65  0  0112 65  0  0112 65  0  0112 65  0  0112 65  0  0112 65  0  0 80 65  0  0112 65  0  0 80 65  0  0 80 65  0  0 80 65  0  0 80 65  0  0 80 65  0  0 80 65  0  0112 65  0  0112 65  0  0112 65  0  0112 65  0  0112 65  0  0112 65  0  0112 65  0  0112 65  0  0112 65  0  0112 65  0  0*** 65  0  0
 80 65  0  0112 65  0  0112 65  0  0*** 65  0  0*** 65  0  0*** 65  0  0*** 65  0  0*** 65  0  0*** 65  0  0*** 65  0  0*** 65  0  0*** 65  0  0*** 65  0  0112 65  0  0112 65  0  0112 65  0  0112 65  0  0112 65  0  0112 65  0  0*** 65  0  0112 65  0  0112 65  0  0 80 65  0  0 80 65  0  0 80 65  0  0 80 65  0  0 80
 65  0  0112 65  0  0112 65  0  0112 65  0  0112 65  0  0112 65  0  0-32 65  0  0112 65  0  0112 65  0  0 80 65  0  0 80 65  0  0 80 65  0  0 80 65  0  0 80 65  0  0-32 65  0  0112 65  0  0112 65  0  0112 65  0  0112 65  0  0112 65  0  0112 65  0  0112 65  0  0 80 65  0  0 80 65  0  0 80 65  0  0 80 65  0  0 80 65
  0  0 80 65  0  0 80 65  0  0*** 65  0  0112 65  0  0 80 65  0  0 80 64  0  0*** 65  0  0 80 65  0  0 80 65  0  0*** 65  0  0112 65  0  0*** 65  0  0*** 65  0  0*** 64  0  0*** 65  0  0*** 65  0  0*** 65  0  0112 65  0  0112 65  0  0*** 65  0  0112 65  0  0112 65  0  0112 65  0  0 80 65  0  0 80 65  0  0 80 65  0
  0112 65  0  0112 65  0  0112 65  0  0112 65  0  0112 65  0  0112 65  0  0112 65  0  0 80 65  0  0 80 65  0  0 80 65  0  0 80 65  0  0 80 65  0  0 80 65  0  0 80 65  0  0 80 65  0  0 80 65  0  0112 65  0  0112 65  0  0 80 65  0  0 80 65  0  0112 65  0  0112 65  0  0112 65  0  0112 65  0  0112 65  0  0112 65  0  0
 80 65  0  0*** 65  0  0112 65  0  0*** 65  0  0*** 65  0  0*** 65  0  0*** 65  0  0*** 65  0  0*** 65  0  0*** 65  0  0*** 65  0  0*** 65  0  0*** 65  0  0112 65  0  0112 65  0  0112 65  0  0112 65  0  0112 65  0  0112 65  0  0*** 65  0  0*** 65  0  0112 65  0  0 80 65  0  0 80 65  0  0 80 65  0  0 80 65  0  0 80
 65  0  0 80 65  0  0 80 65  0  0 80 65  0  0112 65  0  0112 65  0  0112 65  0  0112 65  0  0 80 65  0  0-32 65  0  0 80 65  0  0 80 65  0  0 80 65  0  0 80 65  0  0-32 65  0  0*** 65  0  0*** 65  0  0112 65  0  0112 65  0  0112 65  0  0 80 65  0  0 80 65  0  0 80 65  0  0112 65  0  0*** 65  0  0 80 65  0  0 80 65
  0  0*** 65  0  0*** 65  0  0 80 65  0  0 80 65  0  0 80 65  0  0 80 65  0  0 80 65  0  0 80 65  0  0112 64  0  0112 65  0  0112 65  0  0112 65  0  0*** 65  0  0*** 64  0  0*** 65  0  0112 65  0  0112 65  0  0112 65  0  0112 65  0  0112 65  0  0112 65  0  0112 65  0  0 80 65  0  0 80 65  0  0 80 65  0  0 80 65  0
  0112 65  0  0112 65  0  0 80 65  0  0 80 65  0  0 80 65  0  0 80 65  0  0 80 65  0  0 80 65  0  0 80 65  0  0 80 65  0  0 80 65  0  0 80 65  0  0 80 65  0  0 80 65  0  0112 65  0  0112 65  0  0112 65  0  0 80 65  0  0112 65  0  0112 65  0  0 80 65  0  0112 65  0  0 80 65  0  0112 65  0  0112 65  0  0112 65  0  0
 80 65  0  0*** 65  0  0*** 65  0  0112 65  0  0112 65  0  0*** 65  0  0*** 65  0  0*** 65  0  0*** 65  0  0*** 65  0  0*** 65  0  0*** 65  0  0*** 65  0  0*** 65  0  0*** 65  0  0112 65  0  0 80 65  0  0112 65  0  0112 65  0  0*** 65  0  0*** 65  0  0*** 65  0  0*** 65  0  0 80 65  0  0 80 65  0  0 80 65  0  0 80
 65  0  0112 65  0  0 80 65  0  0 80 65  0  0 80 65  0  0-32 65  0  0-32 65  0  0112 65  0  0 80 65  0  0112 65  0  0-32 65  0  0 80 65  0  0*** 65  0  0 80 65  0  0 80 65  0  0 80 65  0  0112 65  0  0112 65  0  0112 65  0  0112 65  0  0*** 65  0  0 80 65  0  0 80 65  0  0 80 65  0  0 80 65  0  0 80 65  0  0 80 65
  0  0 80 65  0  0 80 65  0  0 80 65  0  0 80 65  0  0*** 64  0  0-32 64  0  0-32 65  0  0*** 65  0  0*** 65  0  0112 64  0  0112 65  0  0*** 65  0  0*** 65  0  0*** 65  0  0*** 65  0  0 80 65  0  0112 65  0  0112 65  0  0112 65  0  0112 65  0  0112 65  0  0112 65  0  0112 65  0  0 80 65  0  0 80 65  0  0 80 65  0
  0112 65  0  0 80 65  0  0 80 65  0  0 80 65  0  0 80 65  0  0 80 64  0  0 80 64  0  0 80 65  0  0 80 65  0  0 80 65  0  0 80 65  0  0 80 65  0  0 80 65  0  0 80 65  0  0 80 65  0  0112 65  0  0112 65  0  0 80 65  0  0 80 65  0  0 80 65  0  0 80 65  0  0112 65  0  0 80 65  0  0112 65  0  0112 65  0  0112 65  0  0
 80 65  0  0*** 65  0  0*** 65  0  0112 65  0  0112 65  0  0*** 65  0  0*** 65  0  0*** 65  0  0*** 65  0  0*** 65  0  0*** 65  0  0*** 65  0  0*** 65  0  0*** 65  0  0*** 65  0  0112 65  0  0112 65  0  0112 65  0  0*** 65  0  0*** 65  0  0*** 65  0  0*** 65  0  0*** 65  0  0112 65  0  0 80 65  0  0 80 65  0  0 80
 65  0  0 80 65  0  0 80 65  0  0 80 65  0  0 80 65  0  0-32 65  0  0112 65  0  0112 65  0  0-32 65  0  0112 65  0  0-32 65  0  0-32 65  0  0 80 65  0  0 80 65  0  0-32 65  0  0112 65  0  0-32 65  0  0112 65  0  0112 65  0  0112 65  0  0112 65  0  0112 65  0  0 80 65  0  0 80 65  0  0 80 65  0  0 80 65  0  0 80 65
  0  0-32 65  0  0 80 65  0  0 80 65  0  0-32 65  0  0-32 64  0  0-32 65  0  0-32 65  0  0-32 64  0  0-32 65  0  0*** 64  0  0112 64  0  0112 65  0  0*** 65  0  0112 64  0  0112 65  0  0112 64  0  0 80 65  0  0 80 65  0  0 80 65  0  0 80 65  0  0 80 65  0  0 80 65  0  0 80 65  0  0 80 65  0  0 80 65  0  0 80 65  0
  0 80 64  0  0 80 65  0  0 80 65  0  0 80 64  0  0 80 64  0  0 80 64  0  0 80 64  0  0 80 64  0  0 80 64  0  0 80 65  0  0 80 65  0  0 80 65  0  0112 65  0  0 80 65  0  0 80 65  0  0 80 65  0  0 80 65  0  0112 65  0  0 80 65  0  0 80 65  0  0112 65  0  0112 65  0  0 80 65  0  0112 65  0  0112 65  0  0112 65  0  0
 80 65  0  0 80 65  0  0*** 65  0  0*** 65  0  0112 65  0  0112 65  0  0*** 65  0  0*** 65  0  0*** 65  0  0112 65  0  0112 65  0  0*** 65  0  0*** 65  0  0*** 65  0  0*** 65  0  0*** 65  0  0*** 65  0  0*** 65  0  0*** 65  0  0*** 65  0  0*** 65  0  0*** 65  0  0*** 65  0  0112 65  0  0112 65  0  0112 65  0  0 80
 65  0  0 80 65  0  0 80 65  0  0 80 65  0  0 80 65  0  0112 65  0  0-32 65  0  0112 65  0  0-32 65  0  0-32 65  0  0112 65  0  0-32 65  0  0112 65  0  0112 65  0  0112 65  0  0112 65  0  0 80 65  0  0112 65  0  0112 65  0  0112 65  0  0112 65  0  0112 65  0  0112 65  0  0112 65  0  0112 65  0  0 80 65  0  0 80 65
  0  0-32 65  0  0-32 65  0  0-32 65  0  0-32 65  0  0-32 65  0  0-32 64  0  0-32 65  0  0-32 64  0  0-32 64  0  0*** 65  0  0112 64  0  0112 65  0  0112 65  0  0112 65  0  0112 65  0  0 80 65  0  0 80 65  0  0 80 65  0  0 80 65  0  0 80 65  0  0 80 65  0  0 80 65  0  0 80 65  0  0 80 65  0  0 80 65  0  0 80 65  0
  0112 64  0  0112 64  0  0 80 64  0  0 80 64  0  0112 64  0  0 80 64  0  0 80 64  0  0 80 64  0  0 80 64  0  0 80 65  0  0 80 65  0  0 80 65  0  0 80 65  0  0 80 65  0  0 80 65  0  0 80 65  0  0 80 65  0  0 80 65  0  0 80 65  0  0 80 65  0  0112 65  0  0112 65  0  0 80 65  0  0 80 65  0  0112 65  0  0112 65  0  0
*** 65  0  0 16 65  0  0*** 65  0  0*** 65  0  0*** 65  0  0*** 65  0  0*** 65  0  0*** 65  0  0112 65  0  0112 65  0  0112 65  0  0*** 65  0  0*** 65  0  0*** 65  0  0*** 65  0  0*** 65  0  0*** 65  0  0*** 65  0  0*** 65  0  0*** 65  0  0*** 65  0  0*** 65  0  0112 65  0  0 80 65  0  0 80 65  0  0112 65  0  0 80
 65  0  0 80 65  0  0 80 65  0  0 80 65  0  0 80 65  0  0 80 65  0  0 80 65  0  0112 65  0  0112 65  0  0112 65  0  0112 65  0  0112 65  0  0112 65  0  0*** 65  0  0 80 65  0  0 80 65  0  0 80 65  0  0 80 65  0  0112 65  0  0112 65  0  0112 65  0  0112 65  0  0 80 65  0  0 80 65  0  0112 65  0  0 80 65  0  0 80 65
  0  0-32 65  0  0-32 65  0  0-32 65  0  0-32 65  0  0-32 65  0  0-32 65  0  0-32 65  0  0-32 65  0  0*** 65  0  0*** 65  0  0112 65  0  0112 65  0  0112 65  0  0112 65  0  0112 65  0  0 80 65  0  0 80 65  0  0112 65  0  0112 65  0  0112 65  0  0 80 65  0  0 80 65  0  0 80 65  0  0 80 65  0  0 80 65  0  0 80 65  0
  0112 64  0  0 80 64  0  0112 64  0  0112 64  0  0112 64  0  0112 64  0  0112 64  0  0112 64  0  0 80 65  0  0 80 65  0  0 80 65  0  0 80 65  0  0 80 65  0  0 80 65  0  0 80 65  0  0 80 65  0  0 80 65  0  0 80 65  0  0 80 65  0  0 80 65  0  0 80 65  0  0112 65  0  0112 65  0  0 80 65  0  0112 65  0  0*** 65  0  0
*** 65  0  0112 65  0  0*** 65  0  0*** 65  0  0*** 65  0  0*** 65  0  0-32 65  0  0-64 65  0  0112 65  0  0112 65  0  0112 65  0  0*** 65  0  0*** 65  0  0*** 65  0  0*** 65  0  0*** 65  0  0*** 65  0  0*** 65  0  0*** 65  0  0*** 65  0  0*** 65  0  0*** 65  0  0*** 65  0  0112 65  0  0112 65  0  0 80 65  0  0 80
 65  0  0 80 65  0  0112 65  0  0 80 65  0  0 80 65  0  0 80 65  0  0 80 64  0  0112 64  0  0112 65  0  0112 65  0  0 80 65  0  0112 65  0  0 80 65  0  0 80 65  0  0 80 65  0  0 80 65  0  0 80 65  0  0 80 65  0  0 80 65  0  0112 65  0  0 80 65  0  0112 65  0  0 80 65  0  0 80 65  0  0 80 65  0  0112 65  0  0112 65
  0  0-32 65  0  0-32 65  0  0-32 65  0  0-32 65  0  0-32 65  0  0-32 65  0  0-32 65  0  0-32 65  0  0-32 65  0  0*** 65  0  0112 65  0  0112 65  0  0112 65  0  0112 65  0  0112 65  0  0112 65  0  0112 65  0  0112 65  0  0112 65  0  0112 65  0  0 80 65  0  0 80 65  0  0 80 65  0  0 80 65  0  0 80 65  0  0 80 65  0
  0 80 64  0  0112 64  0  0112 64  0  0112 64  0  0112 64  0  0112 64  0  0112 64  0  0112 64  0  0112 64  0  0 80 65  0  0 80 65  0  0 80 65  0  0 80 65  0  0 80 65  0  0 80 65  0  0 80 65  0  0 80 65  0  0 80 65  0  0 80 65  0  0 80 65  0  0 80 65  0  0 80 65  0  0 80 65  0  0 80 65  0  0 80 65  0  0112 65  0  0
*** 65  0  0112 65  0  0*** 65  0  0*** 65  0  0*** 65  0  0112 65  0  0 80 65  0  0 80 65  0  0*** 65  0  0*** 65  0  0112 65  0  0112 65  0  0112 65  0  0*** 65  0  0*** 65  0  0*** 65  0  0*** 65  0  0*** 65  0  0*** 65  0  0*** 65  0  0*** 65  0  0*** 65  0  0*** 65  0  0*** 65  0  0112 65  0  0112 65  0  0112
 65  0  0 80 65  0  0 80 65  0  0 80 65  0  0 80 65  0  0 80 65  0  0*** 65  0  0 80 65  0  0112 65  0  0 80 65  0  0 80 65  0  0 80 65  0  0 80 65  0  0 80 65  0  0 80 65  0  0 80 65  0  0 80 65  0  0 80 65  0  0 80 65  0  0112 65  0  0112 65  0  0 80 65  0  0 80 65  0  0 80 65  0  0 80 65  0  0 80 65  0  0 80 65
  0  0-32 65  0  0-32 65  0  0*** 65  0  0-32 65  0  0-32 65  0  0-32 65  0  0-32 65  0  0-32 65  0  0-32 65  0  0*** 65  0  0 80 65  0  0112 65  0  0112 65  0  0112 65  0  0112 65  0  0112 65  0  0 80 65  0  0 80 65  0  0112 65  0  0112 65  0  0 80 65  0  0 80 65  0  0 80 65  0  0 80 65  0  0 80 65  0  0 80 65  0
  0112 64  0  0 80 64  0  0112 65  0  0112 64  0  0112 64  0  0112 64  0  0112 64  0  0112 64  0  0112 64  0  0 80 65  0  0 80 65  0  0 80 65  0  0 80 65  0  0 80 65  0  0 80 65  0  0 80 65  0  0 80 65  0  0 80 65  0  0 80 65  0  0 80 65  0  0 80 65  0  0 80 65  0  0 80 65  0  0 80 65  0  0 80 65  0  0 80 65  0  0
*** 65  0  0*** 65  0  0*** 65  0  0*** 65  0  0*** 65  0  0112 65  0  0*** 65  0  0*** 65  0  0*** 65  0  0*** 65  0  0112 65  0  0112 65  0  0112 65  0  0112 65  0  0*** 65  0  0112 65  0  0*** 65  0  0*** 65  0  0*** 65  0  0*** 65  0  0*** 65  0  0*** 65  0  0*** 65  0  0112 65  0  0*** 65  0  0112 65  0  0112
 65  0  0 80 65  0  0 80 65  0  0 80 65  0  0 80 65  0  0 80 65  0  0 80 65  0  0 80 65  0  0 80 65  0  0 80 65  0  0 80 65  0  0 80 65  0  0 80 65  0  0 80 65  0  0 80 65  0  0 80 65  0  0 80 65  0  0 80 65  0  0 80 65  0  0*** 65  0  0112 65  0  0112 65  0  0 80 65  0  0 80 65  0  0 80 65  0  0 80 65  0  0 80 65
  0  0*** 65  0  0*** 65  0  0-32 65  0  0-32 65  0  0-32 65  0  0-32 65  0  0-32 65  0  0-32 65  0  0112 65  0  0112 65  0  0112 65  0  0112 65  0  0112 65  0  0112 65  0  0*** 65  0  0 80 65  0  0 80 65  0  0 80 65  0  0 80 65  0  0 80 65  0  0 80 65  0  0 80 65  0  0 80 65  0  0 80 65  0  0 80 65  0  0 80 65  0
  0 80 65  0  0 80 65  0  0 80 64  0  0 80 64  0  0112 64  0  0112 64  0  0112 64  0  0112 64  0  0112 65  0  0 80 65  0  0 80 65  0  0 80 65  0  0 80 65  0  0112 65  0  0 80 65  0  0 80 65  0  0 80 65  0  0 80 65  0  0 80 65  0  0 80 65  0  0 80 65  0  0 80 65  0  0 80 65  0  0 80 65  0  0 80 65  0  0 80 65  0  0
*** 65  0  0*** 65  0  0*** 65  0  0*** 65  0  0*** 65  0  0*** 65  0  0*** 65  0  0*** 65  0  0*** 65  0  0*** 65  0  0*** 65  0  0*** 65  0  0112 65  0  0112 65  0  0*** 65  0  0112 65  0  0*** 65  0  0*** 65  0  0*** 65  0  0*** 65  0  0*** 65  0  0*** 65  0  0*** 65  0  0*** 65  0  0*** 65  0  0*** 65  0  0112
 65  0  0 80 65  0  0 80 65  0  0 80 65  0  0 80 65  0  0 80 65  0  0 80 65  0  0 80 65  0  0 80 65  0  0 80 65  0  0 80 65  0  0 80 65  0  0 80 65  0  0 80 65  0  0 80 65  0  0 80 65  0  0 80 65  0  0 80 65  0  0112 65  0  0 80 65  0  0 80 65  0  0 80 65  0  0 80 65  0  0112 65  0  0 80 65  0  0 80 65  0  0 80 65
  0  0 80 65  0  0-32 65  0  0-32 65  0  0-32 65  0  0-32 65  0  0-32 65  0  0112 65  0  0-32 65  0  0112 65  0  0112 65  0  0*** 65  0  0112 65  0  0112 65  0  0112 65  0  0112 65  0  0 80 65  0  0 80 65  0  0 80 65  0  0 80 65  0  0 80 65  0  0 80 65  0  0 80 65  0  0 80 65  0  0 80 65  0  0 80 65  0  0 80 65  0
  0 80 65  0  0 80 64  0  0 80 64  0  0112 64  0  0 80 64  0  0112 64  0  0112 65  0  0112 64  0  0112 65  0  0 80 65  0  0 80 65  0  0 80 65  0  0112 65  0  0 80 65  0  0 80 65  0  0 80 65  0  0 80 65  0  0 80 65  0  0 80 65  0  0 80 65  0  0 80 65  0  0 80 65  0  0 80 65  0  0 80 65  0  0 80 65  0  0 80 65  0  0
*** 65  0  0*** 65  0  0*** 65  0  0112 65  0  0*** 65  0  0*** 65  0  0*** 65  0  0*** 65  0  0*** 65  0  0*** 65  0  0*** 65  0  0-32 65  0  0*** 65  0  0112 65  0  0*** 65  0  0*** 65  0  0*** 65  0  0*** 65  0  0*** 65  0  0*** 65  0  0*** 65  0  0*** 65  0  0*** 65  0  0*** 65  0  0*** 65  0  0*** 65  0  0***
 65  0  0 80 65  0  0 80 65  0  0 80 65  0  0 80 65  0  0 80 65  0  0 80 65  0  0 80 65  0  0 80 65  0  0 80 65  0  0 80 65  0  0 80 64  0  0 80 65  0  0 80 65  0  0 80 65  0  0 80 65  0  0 80 65  0  0 80 65  0  0112 65  0  0 80 65  0  0 80 65  0  0112 65  0  0112 65  0  0 80 65  0  0 80 65  0  0 80 65  0  0 80 65
  0  0*** 65  0  0-32 65  0  0-32 65  0  0-32 65  0  0-32 65  0  0-32 65  0  0-32 65  0  0-32 65  0  0112 65  0  0112 65  0  0112 65  0  0 80 65  0  0112 65  0  0112 65  0  0 80 65  0  0 80 65  0  0 80 65  0  0 80 65  0  0 80 65  0  0 80 65  0  0 80 65  0  0 80 65  0  0 80 65  0  0 80 65  0  0 80 65  0  0 80 65  0
  0112 65  0  0112 64  0  0112 64  0  0112 64  0  0112 64  0  0112 64  0  0112 64  0  0 80 64  0  0112 65  0  0 80 65  0  0 80 65  0  0 80 65  0  0 80 65  0  0 80 65  0  0 80 65  0  0 80 65  0  0 80 65  0  0 80 65  0  0 80 65  0  0 80 65  0  0 80 65  0  0 80 65  0  0 80 65  0  0 80 65  0  0 80 65  0  0 80 65  0  0
*** 65  0  0*** 65  0  0*** 65  0  0*** 65  0  0*** 65  0  0112 65  0  0*** 65  0  0*** 65  0  0*** 65  0  0*** 65  0  0*** 65  0  0*** 65  0  0112 65  0  0112 65  0  0*** 65  0  0*** 65  0  0*** 65  0  0*** 65  0  0*** 65  0  0*** 65  0  0*** 65  0  0*** 65  0  0*** 65  0  0*** 65  0  0*** 65  0  0*** 65  0  0***
 65  0  0 80 65  0  0112 65  0  0 80 65  0  0 80 65  0  0 80 65  0  0 80 65  0  0 80 65  0  0 80 65  0  0 80 65  0  0 80 65  0  0 80 65  0  0 80 65  0  0 80 65  0  0 80 65  0  0112 65  0  0112 65  0  0112 65  0  0 80 65  0  0 80 65  0  0112 65  0  0112 65  0  0 80 65  0  0 80 65  0  0 80 65  0  0 80 65  0  0 80 65
  0  0-32 65  0  0-32 65  0  0-32 65  0  0-32 65  0  0-32 65  0  0 80 65  0  0 80 65  0  0 80 65  0  0112 65  0  0 80 65  0  0112 65  0  0112 65  0  0 80 65  0  0112 65  0  0112 65  0  0 80 65  0  0 80 65  0  0 80 65  0  0 80 65  0  0 80 65  0  0 80 65  0  0 80 65  0  0 80 65  0  0 80 65  0  0 80 65  0  0 80 65  0
  0112 64  0  0112 64  0  0112 64  0  0112 64  0  0112 64  0  0112 65  0  0 80 65  0  0 80 65  0  0 80 65  0  0112 65  0  0112 65  0  0112 65  0  0 80 65  0  0 80 65  0  0 80 65  0  0 80 65  0  0 80 65  0  0 80 65  0  0 80 65  0  0 80 65  0  0 80 65  0  0 80 65  0  0 80 65  0  0 80 65  0  0 80 65  0  0 80 65  0  0
*** 65  0  0*** 65  0  0*** 65  0  0*** 65  0  0*** 65  0  0*** 65  0  0 80 65  0  0*** 65  0  0*** 65  0  0112 65  0  0*** 65  0  0112 65  0  0112 65  0  0*** 65  0  0*** 65  0  0112 65  0  0112 65  0  0*** 65  0  0*** 65  0  0*** 65  0  0*** 65  0  0*** 65  0  0*** 65  0  0*** 65  0  0*** 65  0  0*** 65  0  0***
 65  0  0112 65  0  0112 65  0  0 80 65  0  0 80 65  0  0*** 65  0  0 80 65  0  0 80 65  0  0 80 65  0  0 80 65  0  0 80 65  0  0112 65  0  0112 65  0  0 80 65  0  0 80 65  0  0 80 65  0  0112 65  0  0 80 65  0  0 80 65  0  0 80 65  0  0112 65  0  0112 65  0  0 80 65  0  0 80 65  0  0 80 65  0  0 80 65  0  0 80 65
  0  0112 65  0  0-32 65  0  0*** 65  0  0 80 65  0  0 80 65  0  0 80 65  0  0 80 65  0  0 80 65  0  0 80 65  0  0112 65  0  0112 65  0  0112 65  0  0112 65  0  0112 65  0  0 80 65  0  0 80 65  0  0 80 65  0  0 80 65  0  0 80 65  0  0 80 65  0  0 80 65  0  0 80 65  0  0 80 65  0  0 80 65  0  0 80 65  0  0 80 65  0
  0112 65  0  0112 64  0  0112 65  0  0112 65  0  0112 65  0  0112 65  0  0112 65  0  0112 65  0  0 80 65  0  0112 65  0  0112 65  0  0 80 65  0  0 80 65  0  0 80 65  0  0 80 65  0  0112 65  0  0 80 65  0  0 80 65  0  0 80 65  0  0 80 65  0  0 80 65  0  0 80 65  0  0 80 65  0  0112 65  0  0 80 65  0  0 80 65  0  0
*** 65  0  0*** 65  0  0*** 65  0  0*** 65  0  0*** 65  0  0112 65  0  0*** 65  0  0*** 65  0  0112 65  0  0112 65  0  0112 65  0  0112 65  0  0112 65  0  0*** 65  0  0*** 65  0  0*** 65  0  0112 65  0  0*** 65  0  0*** 65  0  0*** 65  0  0*** 65  0  0112 65  0  0*** 65  0  0*** 65  0  0*** 65  0  0*** 65  0  0112
 65  0  0112 65  0  0 80 65  0  0 80 65  0  0 80 65  0  0112 65  0  0 80 65  0  0 80 65  0  0 80 65  0  0 80 65  0  0 80 65  0  0 80 65  0  0 80 65  0  0 80 65  0  0 80 65  0  0 80 65  0  0 80 65  0  0 80 65  0  0 80 65  0  0*** 65  0  0*** 65  0  0 80 65  0  0 80 65  0  0112 65  0  0 80 65  0  0 80 65  0  0 80 65
  0  0112 65  0  0112 65  0  0 80 65  0  0112 65  0  0112 65  0  0112 65  0  0112 65  0  0 80 65  0  0112 65  0  0112 65  0  0112 65  0  0 80 65  0  0 80 65  0  0 80 65  0  0 80 65  0  0 80 65  0  0 80 65  0  0 80 65  0  0 80 65  0  0 80 65  0  0 80 65  0  0 80 65  0  0 80 65  0  0 80 65  0  0 80 65  0  0 80 65  0
  0112 65  0  0 80 65  0  0112 65  0  0112 65  0  0112 65  0  0 80 65  0  0112 65  0  0112 65  0  0112 65  0  0 80 65  0  0 80 65  0  0 80 65  0  0 80 65  0  0 80 65  0  0 80 65  0  0 80 65  0  0 80 65  0  0 80 65  0  0 80 65  0  0 80 65  0  0 80 65  0  0 80 65  0  0 80 65  0  0 80 65  0  0 80 65  0  0 80 65  0  0
*** 65  0  0*** 65  0  0*** 65  0  0*** 65  0  0*** 65  0  0112 65  0  0112 65  0  0112 65  0  0112 65  0  0112 65  0  0*** 65  0  0112 65  0  0*** 65  0  0112 65  0  0112 65  0  0112 65  0  0112 65  0  0112 65  0  0*** 65  0  0*** 65  0  0*** 65  0  0*** 65  0  0*** 65  0  0112 65  0  0*** 65  0  0*** 65  0  0112
 65  0  0 80 65  0  0112 65  0  0112 65  0  0 80 65  0  0112 65  0  0 80 65  0  0 80 65  0  0 80 65  0  0 80 65  0  0 80 65  0  0 80 65  0  0*** 65  0  0 80 65  0  0 80 65  0  0 80 65  0  0 80 65  0  0 80 65  0  0 80 65  0  0 80 65  0  0 80 65  0  0 80 65  0  0 80 65  0  0 80 65  0  0 80 65  0  0 80 65  0  0 80 65
  0  0-32 65  0  0*** 65  0  0112 65  0  0 80 65  0  0112 65  0  0112 65  0  0112 65  0  0112 65  0  0112 65  0  0112 65  0  0 80 65  0  0 80 65  0  0 80 65  0  0 80 65  0  0 80 65  0  0 80 65  0  0 80 65  0  0 80 65  0  0 80 65  0  0 80 65  0  0 80 65  0  0 80 65  0  0 80 65  0  0 80 65  0  0 80 65  0  0 80 65  0
  0112 64  0  0 80 65  0  0 80 65  0  0 80 65  0  0 80 65  0  0 80 65  0  0 80 65  0  0112 65  0  0 80 65  0  0112 65  0  0 80 65  0  0 80 65  0  0 80 65  0  0 80 65  0  0 80 65  0  0 80 65  0  0 80 65  0  0 80 65  0  0 80 65  0  0 80 65  0  0 80 65  0  0 80 65  0  0 80 65  0  0112 65  0  0 80 65  0  0 80 65  0  0
*** 65  0  0*** 65  0  0112 65  0  0*** 65  0  0*** 65  0  0112 65  0  0112 65  0  0112 65  0  0112 65  0  0112 65  0  0*** 65  0  0*** 65  0  0*** 65  0  0*** 65  0  0*** 65  0  0*** 65  0  0112 65  0  0*** 65  0  0*** 65  0  0*** 65  0  0*** 65  0  0*** 65  0  0*** 65  0  0112 65  0  0*** 65  0  0*** 65  0  0112
 65  0  0 80 65  0  0112 65  0  0112 65  0  0 80 65  0  0112 65  0  0  0 65  0  0 80 65  0  0 80 65  0  0 80 65  0  0 80 65  0  0 80 65  0  0 80 65  0  0 80 65  0  0 80 65  0  0 80 65  0  0112 65  0  0112 65  0  0112 65  0  0 80 65  0  0 80 65  0  0 80 65  0  0 80 65  0  0 80 65  0  0 80 65  0  0 80 65  0  0 80 65
  0  0112 65  0  0112 65  0  0112 65  0  0112 65  0  0112 65  0  0112 65  0  0*** 65  0  0112 65  0  0112 65  0  0 80 65  0  0 80 65  0  0 80 65  0  0 80 65  0  0 80 65  0  0 80 65  0  0 80 65  0  0 80 65  0  0 80 65  0  0 80 65  0  0 80 65  0  0 80 65  0  0 80 65  0  0 80 65  0  0 80 65  0  0 80 65  0  0 80 65  0
  0112 65  0  0 80 65  0  0 80 65  0  0 80 65  0  0 80 65  0  0 80 65  0  0 80 65  0  0 80 65  0  0112 65  0  0112 65  0  0 80 65  0  0 80 65  0  0 80 65  0  0 80 65  0  0 80 65  0  0 80 65  0  0 80 65  0  0 80 65  0  0 80 65  0  0 80 65  0  0 80 65  0  0 80 65  0  0 80 65  0  0 80 65  0  0 80 65  0  0 80 65  0  0
*** 65  0  0*** 65  0  0*** 65  0  0*** 65  0  0*** 65  0  0*** 65  0  0112 65  0  0112 65  0  0112 65  0  0112 65  0  0112 65  0  0*** 65  0  0*** 65  0  0*** 65  0  0112 65  0  0*** 65  0  0112 65  0  0*** 65  0  0*** 65  0  0*** 65  0  0*** 65  0  0*** 65  0  0112 65  0  0112 65  0  0112 65  0  0*** 65  0  0***
 65  0  0 80 65  0  0 80 65  0  0 80 65  0  0 80 65  0  0 80 65  0  0 80 65  0  0 80 65  0  0 80 65  0  0 80 65  0  0*** 65  0  0 80 65  0  0 80 65  0  0 80 65  0  0 80 65  0  0 80 65  0  0 80 65  0  0 80 65  0  0 80 65  0  0 80 65  0  0 80 65  0  0 80 65  0  0 80 65  0  0 80 65  0  0 80 65  0  0 80 65  0  0 80 65
  0  0112 65  0  0112 65  0  0112 65  0  0112 65  0  0112 65  0  0112 65  0  0112 65  0  0112 65  0  0112 65  0  0 80 65  0  0 80 65  0  0 80 65  0  0 80 65  0  0 80 65  0  0 80 65  0  0 80 65  0  0 80 65  0  0 80 65  0  0 80 65  0  0 80 65  0  0 80 65  0  0 80 65  0  0 80 65  0  0 80 65  0  0 80 65  0  0 80 65  0
